2 5
42 93
71 95
19 92
21 92
57 75
66 92
4 97
22 50
10 43
50 59
81 86
86 98
44 63
36 65
2 86
51 51
41 55
3 99
62 64
24 80
13 67
22 78
3 92
97 98
17 90
4 96
33 46
98 98
9 36
17 91
1 37
19 58
42 43
9 98
6 22
9 12
4 16
37 45
62 86
8 41
35 91
84 85
40 90
47 58
30 80
87 89
13 25
23 54
4 89
3 99
4 54
4 33
50 92
72 98
7 27
10 49
3 93
16 30
6 90
5 93
7 99
49 89
43 43
23 78
89 90
3 8
26 54
64 87
25 53
17 77
58 88
7 30
9 95
31 98
3 9
19 19
81 86
51 69
17 82
30 41
32 36
12 60
5 85
26 95
2 94
37 37
39 59
8 98
15 95
63 65
18 62
8 82
75 75
63 98
68 86
41 88
18 81
67 99
41 42
39 40
11 12
43 48
10 10
8 50
42 42
30 94
15 92
4 88
5 13
5 76
1 3
6 92
74 98
10 13
26 81
13 69
6 44
22 88
48 58
23 24
2 47
28 55
20 93
61 76
63 98
26 29
69 79
18 98
51 59
2 98
26 92
15 20
18 42
1 95
9 98
99 99
3 99
3 70
14 65
2 96
21 58
7 64
4 83
23 74
98 98
38 94
65 77
12 50
32 84
9 35
11 50
7 98
30 57
61 69
7 81
5 35
11 79
35 76
25 36
79 92
4 4
10 12
36 64
11 14
13 82
6 6
17 75
25 74
67 92
81 83
88 88
45 76
2 13
24 25
5 95
11 55
32 91
77 77
20 64
45 63
20 99
13 67
29 49
12 67
98 98
28 51
2 99
17 50
8 84
67 92
68 69
18 54
2 93
2 28
47 81
25 35
26 94
26 92
46 92
91 91
24 48
5 94
84 95
5 95
91 93
15 46
3 33
4 91
14 27
71 92
18 70
46 68
30 31
28 89
11 90
65 70
23 77
21 44
50 50
60 94
24 89
15 93
12 78
11 20
51 86
29 41
6 96
45 91
23 26
7 82
47 61
7 7
31 73
22 85
8 17
10 77
15 94
5 78
24 53
61 79
97 98
69 99
2 93
88 88
15 15
20 20
40 60
18 25
8 99
12 98
1 48
34 44
68 94
3 56
12 35
23 79
13 92
60 96
17 87
29 61
51 93
19 95
13 14
19 19
31 93
9 94
46 85
5 51
53 80
7 57
79 90
72 93
1 97
18 79
72 72
54 95
86 94
20 77
88 90
23 83
7 7
35 35
67 85
22 59
28 72
13 13
9 90
24 69
67 67
1 9
7 48
36 67
2 4
4 89
28 63
81 81
18 87
94 94
77 92
41 41
3 36
3 91
89 91
1 82
15 83
4 92
93 94
82 93
15 32
60 64
68 72
65 72
16 17
7 19
31 98
93 99
18 88
18 45
4 45
74 82
8 92
18 86
30 60
42 78
10 79
8 96
8 64
92 93
4 94
91 97
41 97
2 97
28 79
30 30
6 97
10 10
3 96
3 8
99 99
2 31
2 89
22 95
92 94
1 2
53 54
1 66
7 42
7 98
26 99
2 95
93 93
21 23
43 97
45 72
26 94
32 32
21 21
4 98
8 63
2 82
11 48
54 54
38 39
75 77
35 98
13 83
13 21
2 17
79 79
25 87
53 90
11 38
4 42
2 2
52 72
16 22
16 91
4 61
10 91
28 93
88 99
27 87
10 66
12 13
80 89
39 85
82 82
24 46
26 74
4 92
1 88
29 94
29 96
51 51
13 41
3 51
17 46
16 25
20 42
21 49
6 80
74 86
32 98
7 30
70 79
64 97
23 93
29 42
91 95
9 41
83 93
42 94
75 77
64 93
68 68
14 21
89 89
8 10
20 83
37 89
8 99
8 50
50 74
20 92
52 78
63 96
15 47
87 88
45 66
49 54
27 35
67 91
2 99
16 85
9 93
4 38
7 16
33 41
19 34
79 85
68 99
4 70
19 80
15 64
17 50
14 87
51 89
73 90
30 93
80 81
51 80
75 83
13 89
1 2
93 94
11 84
17 30
15 65
64 74
9 95
70 91
27 96
39 48
46 49
54 82
1 1
81 93
88 93
33 33
9 55
1 93
97 97
1 94
26 54
35 86
2 55
50 87
43 87
4 96
20 90
16 88
64 64
38 65
11 31
25 60
24 47
3 92
87 95
91 92
74 77
2 96
26 42
4 5
64 71
33 83
19 32
2 95
28 95
9 72
50 96
19 52
9 78
53 54
36 86
47 60
80 81
21 60
27 78
57 93
1 92
12 94
4 99
28 28
34 86
62 81
13 98
30 30
29 72
4 98
48 50
12 12
42 91
59 63
6 61
23 94
6 98
21 96
18 68
27 40
16 99
67 82
98 98
29 96
3 31
52 60
6 88
84 90
19 83
1 50
94 94
40 40
29 30
13 49
28 76
40 55
9 9
6 75
4 95
46 47
44 62
29 75
37 72
49 67
55 78
9 54
3 65
37 37
29 55
6 95
78 80
15 59
61 62
50 96
12 96
9 9
36 89
37 59
32 51
72 74
77 99
5 31
22 96
2 94
6 97
53 69
29 90
4 26
18 26
20 96
22 28
18 74
36 70
57 77
10 36
23 23
7 87
12 13
4 38
53 55
30 87
33 34
86 90
51 51
7 42
31 34
4 77
9 33
39 83
15 72
77 93
14 81
81 96
27 28
50 83
67 96
23 91
25 83
43 82
88 88
97 98
9 98
20 33
9 26
1 4
42 75
29 94
70 70
1 92
53 74
80 80
1 98
1 92
15 88
7 97
2 5
3 83
45 94
20 26
2 47
31 70
48 71
24 95
32 83
26 59
90 92
16 73
17 97
33 33
1 97
24 96
62 62
32 32
62 81
26 55
24 64
50 64
30 94
84 95
82 97
11 33
19 27
17 60
31 85
45 70
1 6
17 86
48 94
91 96
12 75
10 77
5 7
93 98
25 36
36 37
38 58
88 88
3 91
9 71
26 70
84 86
34 83
14 58
47 81
90 91
91 92
76 78
22 53
16 87
1 3
18 27
4 97
64 67
12 13
37 59
10 96
66 67
12 45
78 94
7 95
85 85
46 57
18 74
22 63
6 73
33 85
4 47
4 4
18 65
13 88
60 79
97 98
12 96
18 18
27 81
48 48
16 58
83 84
32 42
99 99
1 95
56 68
2 2
27 59
43 86
20 75
14 95
6 93
16 95
11 16
80 80
11 51
66 91
39 42
14 18
50 54
4 71
2 98
69 71
3 52
9 45
94 95
8 89
89 91
1 58
25 25
29 82
84 97
31 92
45 78
55 58
8 85
44 90
45 58
20 27
51 69
29 50
3 3
69 73
6 7
3 8
6 65
78 81
23 47
72 74
2 2
67 93
32 33
33 89
22 39
63 74
2 39
28 71
3 64
15 69
49 86
44 80
20 20
28 41
16 54
51 93
63 70
26 79
7 59
59 63
57 58
6 91
15 20
2 79
90 90
39 67
3 79
5 97
32 97
11 98
20 75
76 77
55 55
93 94
5 96
91 93
35 77
21 43
34 83
4 38
7 7
3 96
11 90
28 79
6 96
17 30
52 52
83 94
11 13
96 96
46 59
25 76
91 91
62 87
16 69
36 43
8 87
73 75
91 98
23 95
93 95
5 92
21 41
12 97
7 98
13 97
61 62
43 45
43 45
32 69
54 56
2 76
11 74
22 75
8 80
8 27
66 80
43 43
2 74
11 78
59 82
94 94
2 86
35 35
61 63
22 76
9 35
44 79
31 66
17 95
47 79
28 94
39 73
35 64
53 95
24 94
83 84
41 68
78 91
52 79
6 9
9 37
39 47
25 97
88 88
10 88
9 84
6 91
66 75
16 85
42 57
39 74
13 87
25 26
3 11
46 74
21 96
47 64
9 42
28 77
20 38
45 98
10 61
8 98
13 67
2 97
27 28
13 67
8 71
15 49
11 75
85 85
21 88
45 71
5 81
15 64
3 95
36 46
4 23
24 48
6 27
36 58
6 66
3 29
43 83
22 79
27 45
3 37
8 9
24 99
9 42
2 98
75 76
29 83
18 26
78 95
7 71
22 88
26 28
93 96
65 65
11 19
27 62
18 69
55 56
25 71
3 96
25 96
95 95
47 65
45 53
5 84
31 91
24 31
11 48
38 51
4 90
9 44
5 11
2 4
1 98
63 90
60 69
37 95
30 77
10 21
11 30
39 86
67 79
11 76
5 30
88 90
19 90
1 1
95 95
40 76
26 46
8 56
28 81
3 65
15 51
44 78
6 82
19 56
24 52
14 88
26 97
13 86
52 80
27 55
56 82
2 29
18 87
6 35
28 36
75 87
1 99
48 48
59 92
82 87
81 97
13 75
97 98
14 93
21 32
30 71
51 75
24 84
11 11
62 81
1 3
75 78
17 96
9 98
18 49
66 66
18 72
6 87
3 44
31 54
55 59
6 6
21 98
1 2
72 77
0
